1 18 18 8B
19 19 1 8M
20 34 15 8B
37 37 1 8K
37 37 1 8M
38 49 12 8K
50 55 6 4M
60 60 1 8K
60 66 7 8M
67 67 1 8K
68 70 3 8M
80 97 17 8A
98 101 3 8T
102 102 1 8A
105 106 2 8T
107 107 1 8A
108 119 7 8T
120 121 2 8A
122 122 1 8B
123 174 50 8A
190 193 4 8B
202 259 12 4H
281 299 12 8H
308 308 1 8T
314 314 1 8H
322 322 1 8T
325 326 2 4H
328 328 1 8T
337 381 5 8H
388 408 3 4H
412 418 3 8H
419 419 1 4H
420 420 1 8H
423 423 1 4H
424 497 9 8H
533 592 10 8A
600 628 29 8T
641 642 2 4T
650 690 10 8T
703 716 7 8B
718 718 1 8T
719 719 1 8A
726 733 4 8B
738 741 3 8K
754 755 2 4M
755 755 1 8A
760 760 1 8B
761 769 4 8M
771 771 1 8B
772 788 8 8A
806 806 1 8T
809 809 1 8B
811 811 1 8T
