1 2142324
10 214063
101 2077301
102 2077303
105 2750512
106 2015139
107 2000327
108 2750511
109 2747361
11 214063
110 2077303
111 2148532
113 2223291
114 2223291
119 2077302
12 2560692
120 2077302
121 2077301
122 2077302
123 2077303
124 2077303
125 2077301
126 2077301
127 2077301
128 2077301
129 2077301
13 2560691
130 2077301
131 2077301
132 2077302
133 2077301
134 2077302
135 2077302
136 2077302
137 214061
138 214061
139 2142324
14 2560693
140 2142324
141 2750513
142 2750511
143 2750512
144 2060103
145 2060102
146 2750512
147 2750511
148 2750492
149 2750492
15 2000325
150 2750491
151 2750511
152 2750512
153 2750491
154 2750511
155 2747361
156 2750513
157 2750512
158 2750511
159 2750511
15 2000325
16 2560711
160 2148532
161 2148532
162 2148542
163 2148542
164 2148532
165 2148542
166 2148532
167 2148532
168 2148532
169 2753671
17 2560694
170 2753671
171 2753672
172 2077303
174 2148542
178 207262
18 2560693
180 207262
19 2560701
190 2077303
191 214061
192 2750511
193 2077303
2 2142324
20 2560693
202 2000324
203 2250793
204 229354
208 2000324
21 2560693
213 2250793
22 217935
224 2250793
229 2000328
24 217935
242 2250792
243 2250792
248 2000324
25 217935
254 2250793
259 2000328
26 217935
27 217935
28 2141314
281 204473
282 2250812
283 2250792
284 2250793
285 2000324
286 2250812
287 2250791
288 229354
289 2250793
28 2141314
29 217935
290 2250793
291 229352
299 229351
3 2000321
30 217935
308 2500401
31 2170822
314 2500372
32 2170822
322 2500401
325 202291
326 2505111
328 202291
33 2015135
337 202292
34 2015135
360 2505111
362 2500401
37 2141314
379 202292
38 214061
381 202291
388 2505111
39 214061
4 2144243
40 2141314
404 2533211
408 2533212
41 2141314
410 2533212
412 2533211
416 2530233
418 2533212
419 204334
42 2141314
420 2533212
423 202292
424 2533211
427 2000361
428 2533212
43 2015139
431 202292
435 202291
44 2560693
45 2560691
456 2533212
46 2560691
464 2533212
465 2000361
469 2232291
47 2560691
471 2233291
473 2223291
48 217935
49 217935
497 202291
5 2142324
50 2141314
51 217937
52 217934
533 2753672
535 2762122
53 2148531
540 2762121
542 2753672
54 2148531
553 2753672
55 2148533
560 2762122
561 2762122
564 2753672
569 2753672
592 217936
6 2560692
60 2144243
600 2223291
601 2223291
602 2223291
603 2223291
604 2223291
605 2233291
606 2233291
607 2233291
608 2233291
609 2230212
61 2142324
610 2230212
611 2233291
612 2233291
613 2000324
614 2223291
615 2223291
616 2077304
617 2230212
618 2230212
619 2230212
62 2142324
620 2230212
621 202291
622 2223291
623 2000329
624 2000323
625 2000327
626 2223292
627 2000321
628 202292
63 2142324
64 2142324
641 2223292
642 2220361
65 2141314
66 214061
67 2141312
68 2141314
69 217935
7 2000331
70 2560701
8 217934
80 2144243
81 2144243
82 2142324
83 2142324
84 2141314
87 2141312
88 2560693
89 2141314
893 2258111
9 2141314
90 217935
91 217935
910 2144244
92 217935
920 2141314
93 217935
930 2141314
94 217934
940 2077303
95 217935
950 2223291
96 2170823
960 2077303
97 2170823
970 2223291
98 2223291
980 2077302
99 2015135
L1 2127103
L2 2127103
